
Shorter statistics
==============================================================
Statistic   N    Mean  St. Dev.  Min  Pctl(25) Pctl(75)  Max  
--------------------------------------------------------------
year      28,534 77.96   6.38    68      72       83      88  
age       28,510 29.05   6.70   14.00  23.00    34.00   46.00 
collgrad  28,534 0.17    0.37     0      0        0       1   
ttl_exp   28,534 6.22    4.65   0.00    2.46     9.13   28.88 
union     19,238 0.23    0.42   0.00    0.00     0.00    1.00 
hours     28,467 36.56   9.87   1.00   35.00    40.00   168.00
--------------------------------------------------------------
