
Summary for variables: education
     by categories of: country (country)

         country |      mean        sd       min        p5       p50       p90       p99
-----------------+----------------------------------------------------------------------
     afghanistan |  .9277778  .1591208       .73       .73       .91      1.14      1.14
         algeria |     1.975  1.438157       .65       .65     1.315     4.315      4.72
 antigua & barb. |       4.8         .       4.8       4.8       4.8       4.8       4.8
       argentina |     6.403  1.394673      4.36      4.36      6.25     8.305      8.49
       australia |  9.967778   .401428       9.3       9.3     10.06     10.57     10.57
         austria |  7.732222  .8443752      6.71      6.71      8.22       8.8       8.8
         bahrain |  3.386667  1.795355      1.37      1.37      3.12      6.09      6.09
      bangladesh |  1.572222  .6851966       .79       .79      1.68      2.45      2.45
        barbados |  7.653333  1.545971      5.22      5.22      8.19      9.11      9.11
         belgium |  8.125556  .4332179      7.46      7.46      8.16      8.73      8.73
          belize |         .         .         .         .         .         .         .
           benin |  1.127143   .736449       .29       .29       .89       2.1       2.1
         bolivia |  4.358889  .6501816      3.72      3.72      4.19      5.54      5.54
        botswana |  2.807778  1.572091      1.32      1.32      2.29      5.35      5.35
          brazil |  3.333333  .6671769      2.78      2.78      2.98      4.56      4.56
          brunei |  3.826667  1.817755      2.24      2.24      3.43      5.81      5.81
        bulgaria |     7.502  1.579309      5.06      5.06      7.19     9.625      9.74
         burundi |      1.23         .      1.23      1.23      1.23      1.23      1.23
        cameroon |  1.928889  .7041741      1.25      1.25      1.73      3.17      3.17
          canada |  9.835556  1.208833      8.07      8.07     10.23     11.43     11.43
 central afr. r. |  1.042222  .7343497       .38       .38       .74      2.11      2.11
           chile |     5.976   1.18996      4.41      4.41     5.755      7.71      7.89
           china |  4.601667  1.009305       3.4       3.4      4.69      5.74      5.74
        colombia |     3.686  .9366275      2.24      2.24      3.96     4.845      5.01
           congo |      3.42  1.073014      1.93      1.93     3.595      4.68      4.68
      costa rica |     4.658  .9486107       3.5       3.5      4.59     5.915      6.01
         croatia |  6.253333  .2510644      5.99      5.99      6.28      6.49      6.49
            cuba |     5.506  1.575924      3.63      3.63     5.505     7.595      7.78
          cyprus |  6.712222  1.813179      4.29      4.29      6.53      8.77      8.77
           czech |      9.38    .08544      9.29      9.29      9.39      9.46      9.46
  czechoslovakia |  8.681429  1.167482      7.17      7.17      8.73     10.35     10.35
         denmark |  9.355556  .5410432      8.78      8.78      9.16     10.13     10.13
        dominica |      4.27  .3818377         4         4      4.27      4.54      4.54
  dominican rep. |  3.571111  1.040738      2.27      2.27      3.36      5.17      5.17
         ecuador |     4.509  1.575997      2.36      2.36     4.695     6.385      6.52
           egypt |      3.22  1.358381      1.32      1.32      3.25      5.05      5.05
     el salvador |     2.863  1.061896      1.42      1.42     2.935     4.275       4.5
         estonia |      9.17         .      9.17      9.17      9.17      9.17      9.17
        ethiopia |      1.15         .      1.15      1.15      1.15      1.15      1.15
            fiji |  6.198889  1.280619      4.67      4.67      6.01      7.96      7.96
         finland |  7.844444  1.755855      5.37      5.37      7.95     10.14     10.14
          france |  6.836667   .994799      5.78      5.78      6.77      8.37      8.37
          gambia |  1.038333  .5190536        .5        .5      .905      1.86      1.86
   germany, east |  9.297143  .7548005      8.59      8.59       8.8     10.17     10.17
 germany, united |       9.6  .1374773      9.48      9.48      9.57      9.75      9.75
   germany, west |  8.425714  .4601035      7.73      7.73      8.28      9.06      9.06
           ghana |  2.442222  1.173475       .69       .69      2.35      4.01      4.01
          greece |      6.19  1.599611      3.72      3.72     6.115      8.28      8.51
       guatemala |     2.046  .6841572      1.21      1.21     1.975     2.955      3.12
          guyana |  4.741111  .9142817       3.5       3.5      4.71      6.05      6.05
           haiti |     1.525  .8427633       .56       .56      1.26     2.615      2.67
        honduras |  2.744444  1.037571      1.67      1.67      2.33      4.08      4.08
       hong kong |  6.868889  1.886475      4.74      4.74      6.73      9.47      9.47
         hungary |  8.055556  .7873708      6.65      6.65       8.2      8.81      8.81
         iceland |  7.123333  1.108163      5.63      5.63      7.11      8.75      8.75
           india |  2.851111  1.179984      1.45      1.45      2.72      4.77      4.77
       indonesia |      2.89  1.196004      1.11      1.11      3.09      4.71      4.71
   iran, i.r. of |     2.102  1.492558       .46       .46      1.71      4.32      4.66
            iraq |  2.045556  1.532646       .21       .21      1.83      4.34      4.34
         ireland |  7.544444  1.055286      6.45      6.45       7.6      9.02      9.02
          israel |     8.123  1.088271      6.53      6.53     8.435      9.17      9.23
           italy |     5.474  .9175475      4.07      4.07       5.3       6.8         7
         jamaica |  3.751111   1.01402      2.46      2.46       3.6      5.22      5.22
           japan |     8.113  1.072764      6.87      6.87     7.955      9.58      9.72
          jordan |  3.816667  2.125841       1.4       1.4      2.93      7.37      7.37
     kazakhastan |      9.03         .      9.03      9.03      9.03      9.03      9.03
           kenya |  2.298889  1.032757      1.19      1.19      2.38      3.99      3.99
           korea |     6.613  2.732923      3.23      3.23      6.29    10.275     10.46
          kuwait |  4.451111  1.813722      2.41      2.41      4.29      7.05      7.05
          latvia |      9.54         .      9.54      9.54      9.54      9.54      9.54
         lesotho |  3.635556  .5343012      3.05      3.05      3.54      4.47      4.47
         liberia |  1.387778  .6700705       .56       .56      1.31      2.27      2.27
           libya |  1.616667  1.143562       .63       .63      1.35      2.87      2.87
       lithuania |       9.3         .       9.3       9.3       9.3       9.3       9.3
          malawi |  2.216667  .4405111       1.6       1.6      2.41       2.6       2.6
        malaysia |  4.688889  2.031283      2.34      2.34      4.49      7.88      7.88
            mali |  .4088889  .2358201       .17       .17       .37       .76       .76
           malta |     5.916  1.102272      3.79      3.79      5.74     7.345      7.57
      mauritania |      1.94         .      1.94      1.94      1.94      1.94      1.94
       mauritius |      3.98  1.237084      2.19      2.19     4.075     5.445      5.55
          mexico |     4.153   1.66067      2.32      2.32      3.75      6.55      6.73
         moldova |      9.07         .      9.07      9.07      9.07      9.07      9.07
      mozambique |  .6266667  .3213643       .26       .26       .53      1.19      1.19
 myanmar (burma) |     1.513  .6264015       .92       .92      1.18     2.365      2.44
         namibia |         .         .         .         .         .         .         .
           nepal |  .6922222  .6940781       .04       .04       .61      1.94      1.94
     netherlands |       7.7  1.399643      5.27      5.27      7.99      9.24      9.24
     new zealand |     10.69   .946269      9.36      9.36     11.18     11.52     11.52
       nicaragua |     2.924  .8945415      1.52      1.52      2.77     4.215      4.42
           niger |  .4211111  .2318644       .16       .16       .39       .82       .82
          norway |      8.73  2.248194      6.11      6.11      8.28     11.86     11.86
        pakistan |  1.726667    .62522       .63       .63      1.74      2.45      2.45
          panama |     5.643  1.588109      3.59      3.59      5.37       7.8       7.9
 papua new guin. |  1.342222   .599787       .58       .58      1.13      2.39      2.39
        paraguay |     4.359  1.161029      2.54      2.54     4.285      5.76      5.78
            peru |  5.025556   1.59107      3.02      3.02      5.44      7.33      7.33
     philippines |  5.331818  1.741981      2.42      2.42      5.46      7.33      7.62
          poland |  8.441111  1.189364      6.74      6.74      8.65       9.9       9.9
        portugal |  3.336667  1.073848      1.94      1.94      3.27      4.91      4.91
      pueto rico |      9.14         .      9.14      9.14      9.14      9.14      9.14
         reunion |      2.28         .      2.28      2.28      2.28      2.28      2.28
         romania |     7.077  1.877102      4.14      4.14     7.215     9.425      9.51
          rwanda |  1.357143  .4440613       .76       .76      1.35      2.03      2.03
         senegal |  1.802222  .3275201      1.24      1.24      1.92      2.23      2.23
      seychelles |      4.33  1.356024      3.11      3.11      4.09      5.79      5.79
    sierra leone |  1.003333  .5439669        .5        .5       .83      1.99      1.99
       singapore |  4.902222  1.882504      3.14      3.14      4.34      8.12      8.12
        slovakia |  9.083333  .1006645      8.99      8.99      9.07      9.19      9.19
        slovenia |  7.163333  .2074448      6.94      6.94       7.2      7.35      7.35
 solomon islands |      2.53         .      2.53      2.53      2.53      2.53      2.53
    south africa |  5.315556   1.57635      3.76      3.76      4.82      8.07      8.07
           spain |  5.222222  1.241156      3.64      3.64      5.15      7.25      7.25
       sri lanka |  4.728889  .9469879      3.43      3.43      5.18      6.09      6.09
 st.kitts& nevis |      7.65         .      7.65      7.65      7.65      7.65      7.65
        st.lucia |      4.22         .      4.22      4.22      4.22      4.22      4.22
 st.vincent & g. |      4.99         .      4.99      4.99      4.99      4.99      4.99
           sudan |       .81  .5992217       .27       .27       .56     1.765      1.91
       swaziland |  3.534444  1.598305      1.71      1.71      3.12      5.73      5.73
          sweden |  9.118889  1.469783      7.47      7.47      9.22     11.36     11.36
     switzerland |      9.07  1.267152       7.3       7.3       9.9     10.39     10.39
           syria |  3.096667  1.721003       .99       .99      2.86      5.74      5.74
          taiwan |  5.976667  1.904613      3.32      3.32      6.37      8.53      8.53
      tajikistan |      9.62         .      9.62      9.62      9.62      9.62      9.62
        thailand |      4.38  1.119498      3.15      3.15      3.77       6.1       6.1
            togo |  1.461111  1.025176       .32       .32      1.62      2.83      2.83
 trinidad & tob. |  5.831111  1.323239      4.19      4.19      6.38      7.62      7.62
         tunisia |  2.067778  1.328465       .54       .54      1.92       4.2       4.2
          turkey |     2.897  1.240135         1         1      2.53     4.685       4.8
        u.s.s.r. |  9.226667  1.030801      7.59      7.59      8.94     10.52     10.52
          uganda |  1.782222  .7639335      1.05      1.05      1.66      2.95      2.95
 united arab em. |      2.88         .      2.88      2.88      2.88      2.88      2.88
  united kingdom |     8.156   .729234      7.17      7.17      8.09      9.19      9.35
   united states |     10.57  1.625628      7.94      7.94     10.86    12.215     12.25
         uruguay |      5.98  .8846327      4.78      4.78      5.75      7.25      7.25
         vanuatu |         .         .         .         .         .         .         .
       venezuela |     3.939  1.403847      2.01      2.01     4.135      5.48      5.61
        viet nam |      3.81         .      3.81      3.81      3.81      3.81      3.81
   western samoa |  6.273333  .3347138      6.01      6.01      6.16      6.65      6.65
      yugoslavia |   5.91375  .9760553      4.96      4.96     5.535      7.48      7.48
           zaire |     1.533  .9988888       .41       .41     1.255     3.085      3.18
          zambia |  3.276667  1.530711       1.6       1.6      3.22      5.56      5.56
        zimbabwe |  2.926667   1.25108      1.54      1.54      2.82      4.88      4.88
-----------------+----------------------------------------------------------------------
           Total |  4.717775  2.949585       .04       .63     4.365      9.02     11.43
----------------------------------------------------------------------------------------
